# This file may be used to create an environment using:
# $ conda create --name <env> --file <this file>
# platform: win-64
asttokens=2.4.1=pyhd8ed1ab_0
bzip2=1.0.8=he774522_0
ca-certificates=2024.2.2=h56e8100_0
colorama=0.4.6=pyhd8ed1ab_0
comm=0.2.1=pyhd8ed1ab_0
contourpy=1.2.0=pypi_0
cycler=0.12.1=pypi_0
debugpy=1.6.7=py312hd77b12b_0
decorator=5.1.1=pyhd8ed1ab_0
exceptiongroup=1.2.0=pyhd8ed1ab_2
executing=2.0.1=pyhd8ed1ab_0
expat=2.5.0=hd77b12b_0
fonttools=4.49.0=pypi_0
importlib-metadata=7.0.1=pyha770c72_0
importlib_metadata=7.0.1=hd8ed1ab_0
ipykernel=6.29.2=pyha63f2e9_0
ipython=8.22.1=pyh7428d3b_0
jedi=0.19.1=pyhd8ed1ab_0
joblib=1.3.2=pypi_0
jupyter_client=8.6.0=pyhd8ed1ab_0
jupyter_core=5.5.0=py312haa95532_0
kiwisolver=1.4.5=pypi_0
libffi=3.4.4=hd77b12b_0
libsodium=1.0.18=h8d14728_1
m2-base=1.0.0=3
m2-bash=4.3.042=5
m2-bash-completion=2.3=2
m2-catgets=1.1=3
m2-coreutils=8.25=102
m2-dash=0.5.8=2
m2-file=5.25=2
m2-filesystem=2016.04=4
m2-findutils=4.6.0=2
m2-gawk=4.1.3=2
m2-gcc-libs=5.3.0=4
m2-gettext=0.19.7=4
m2-gmp=6.1.0=3
m2-grep=2.22=4
m2-gzip=1.7=2
m2-inetutils=1.9.2=2
m2-info=6.0=2
m2-less=481=2
m2-libasprintf=0.19.7=4
m2-libcatgets=1.1=3
m2-libcrypt=1.3=2
m2-libgettextpo=0.19.7=4
m2-libiconv=1.14=3
m2-libintl=0.19.7=4
m2-liblzma=5.2.2=2
m2-libpcre=8.38=2
m2-libreadline=6.3.008=8
m2-libutil-linux=2.26.2=2
m2-libxml2=2.9.2=3
m2-mintty=1!2.2.3=2
m2-mpfr=3.1.4=2
m2-msys2-launcher-git=0.3.28.860c495=2
m2-msys2-runtime=2.5.0.17080.65c939c=3
m2-ncurses=6.0.20160220=2
m2-sed=4.2.2=3
m2-tftp-hpa=5.2=2
m2-time=1.7=2
m2-ttyrec=1.0.8=2
m2-tzcode=2015.e=2
m2-util-linux=2.26.2=2
m2-which=2.21=3
m2-zlib=1.2.8=4
matplotlib=3.8.3=pypi_0
matplotlib-inline=0.1.6=pyhd8ed1ab_0
msys2-conda-epoch=20160418=1
nest-asyncio=1.6.0=pyhd8ed1ab_0
numpy=1.26.4=pypi_0
openssl=3.0.13=h2bbff1b_0
packaging=23.2=pyhd8ed1ab_0
pandas=2.2.1=pypi_0
parso=0.8.3=pyhd8ed1ab_0
pickleshare=0.7.5=py_1003
pillow=10.2.0=pypi_0
pip=23.3.1=py312haa95532_0
platformdirs=4.2.0=pyhd8ed1ab_0
prompt-toolkit=3.0.42=pyha770c72_0
psutil=5.9.0=py312h2bbff1b_0
pure_eval=0.2.2=pyhd8ed1ab_0
pygments=2.17.2=pyhd8ed1ab_0
pyparsing=3.1.1=pypi_0
python=3.12.1=h1d929f7_0
python-dateutil=2.8.2=pyhd8ed1ab_0
pytz=2024.1=pypi_0
pywin32=305=py312h2bbff1b_0
pyzmq=25.1.2=py312hd77b12b_0
scikit-learn=1.4.1.post1=pypi_0
scipy=1.12.0=pypi_0
seaborn=0.13.2=pypi_0
setuptools=68.2.2=py312haa95532_0
six=1.16.0=pyh6c4a22f_0
sqlite=3.41.2=h2bbff1b_0
stack_data=0.6.2=pyhd8ed1ab_0
threadpoolctl=3.3.0=pypi_0
tk=8.6.12=h2bbff1b_0
tornado=6.3.3=py312h2bbff1b_0
traitlets=5.14.1=pyhd8ed1ab_0
typing_extensions=4.10.0=pyha770c72_0
tzdata=2024.1=pypi_0
vc=14.2=h21ff451_1
vs2015_runtime=14.27.29016=h5e58377_2
wcwidth=0.2.13=pyhd8ed1ab_0
wheel=0.41.2=py312haa95532_0
xz=5.4.5=h8cc25b3_0
zeromq=4.3.5=hd77b12b_0
zipp=3.17.0=pyhd8ed1ab_0
zlib=1.2.13=h8cc25b3_0
